{
  "advancedEditorSelectedIdentifier" : "BehaviorsPluginID",
  "openSceneRelativePaths" : [
    "Scene.usda"
  ],
  "recentIdentifiers" : {

  },
  "sceneCameraHistory" : {
    "98197CE4-93FA-4659-89A9-48744F9AF2C8" : [
      {
        "date" : 796623522.461911,
        "title" : "Untitled",
        "transform" : [
          0.933499,
          8.7255e-09,
          -0.3585802,
          0,
          -0.23376423,
          0.75829095,
          -0.60856307,
          0,
          0.27190813,
          0.65191627,
          0.70786387,
          0,
          0.17711936,
          0.41932034,
          0.28448883,
          1
        ]
      },
      {
        "date" : 796623322.182369,
        "title" : "Untitled",
        "transform" : [
          0.9279238,
          9.551939e-09,
          0.37277,
          0,
          0.15469807,
          0.9098232,
          -0.38508466,
          0,
          -0.33915484,
          0.41499606,
          0.8442466,
          0,
          -0.1580663,
          0.28936294,
          0.35934848,
          1
        ]
      },
      {
        "date" : 796623315.869451,
        "title" : "Untitled",
        "transform" : [
          0.9279238,
          4.178292e-09,
          0.37276998,
          0,
          0.15469804,
          0.9098232,
          -0.38508466,
          0,
          -0.33915478,
          0.414996,
          0.84424657,
          0,
          -0.1695954,
          0.33436558,
          0.4442562,
          1
        ]
      },
      {
        "date" : 796623309.822543,
        "title" : "Untitled",
        "transform" : [
          0.9739934,
          4.9712874e-09,
          0.22657603,
          0,
          0.19351707,
          0.5201199,
          -0.8318813,
          0,
          -0.11784671,
          0.8540933,
          0.5065933,
          0,
          -0.07300399,
          0.51596594,
          0.3142465,
          1
        ]
      },
      {
        "date" : 796623210.932551,
        "title" : "Untitled",
        "transform" : [
          0.9164614,
          5.3789293e-09,
          0.4001229,
          0,
          0.3652552,
          0.4082783,
          -0.8365987,
          0,
          -0.16336149,
          0.91285753,
          0.37417123,
          0,
          -0.16644646,
          0.88030434,
          0.38154665,
          1
        ]
      },
      {
        "date" : 796623202.328853,
        "title" : "Untitled",
        "transform" : [
          0.93844736,
          -6.9729325e-09,
          0.34542227,
          0,
          0.034048997,
          0.9951299,
          -0.0925048,
          0,
          -0.34374002,
          0.098572254,
          0.93387705,
          0,
          -0.32417518,
          0.0965577,
          0.8807397,
          1
        ]
      },
      {
        "date" : 796623167.050346,
        "title" : "Untitled",
        "transform" : [
          0.9395038,
          -5.9703904e-09,
          -0.34253854,
          0,
          -0.16701816,
          0.8730731,
          -0.45809203,
          0,
          0.29906118,
          0.48758942,
          0.82025546,
          0,
          0.28555623,
          0.4655709,
          0.78321445,
          1
        ]
      },
      {
        "date" : 796623150.862364,
        "title" : "Untitled",
        "transform" : [
          0.9395038,
          -5.9703904e-09,
          -0.34253854,
          0,
          -0.16701816,
          0.8730731,
          -0.45809203,
          0,
          0.29906118,
          0.48758942,
          0.82025546,
          0,
          0.77346194,
          1.2610524,
          2.1214266,
          1
        ]
      }
    ]
  },
  "sceneViewportBackgroundColors" : {

  }
}